[header]
width=100
height=100
tilewidth=16
tileheight=16
orientation=orthogonal

[tilesets]
tileset=PLT/tileset.png,16,16,0,0

[layer]
type=Mer
data=
92,0,0,0,0,0,0,0,0,0,0,0,0,0,0,0,0,0,0,0,0,0,0,0,0,0,0,0,0,0,0,0,0,0,0,0,0,0,0,85,110,150,22,47,47,47,47,47,47,47,47,47,47,47,47,47,47,47,47,47,47,47,47,47,47,47,47,47,47,47,47,47,47,47,47,47,47,24,22,0,0,0,0,0,0,0,0,0,0,0,0,0,0,0,0,0,0,0,0,0,
92,0,0,0,0,93,0,94,0,0,0,0,0,0,0,0,0,0,0,0,0,0,0,0,0,0,0,0,0,0,0,0,0,0,0,0,0,0,0,85,110,150,22,47,47,47,47,47,47,47,47,47,47,47,47,47,47,47,47,47,47,47,47,47,47,47,47,47,47,47,47,47,47,47,47,47,47,24,22,0,0,0,0,0,0,0,0,0,0,0,0,0,0,0,0,0,0,0,0,0,
92,0,0,0,0,0,0,0,0,0,0,0,0,0,0,0,0,0,0,0,0,0,0,92,92,92,92,92,92,92,0,0,0,0,0,0,0,0,0,85,110,150,22,47,47,47,47,47,47,47,47,47,47,47,47,47,4,44,44,44,5,47,47,47,47,47,47,47,47,47,47,47,47,47,47,47,47,24,22,0,0,0,0,0,0,0,0,0,0,0,0,0,0,0,0,0,0,0,0,0,
92,0,0,0,0,102,102,102,0,0,167,167,167,0,0,92,0,0,0,0,0,0,0,0,0,0,0,0,0,0,0,0,0,0,0,0,0,0,0,85,110,150,22,47,47,47,47,47,47,47,47,47,47,47,47,47,24,6,7,8,22,47,47,47,47,47,47,47,47,47,47,47,47,47,47,47,47,24,22,0,0,0,0,0,0,0,0,0,0,0,0,0,0,0,0,0,0,0,0,0,
92,0,0,0,0,102,18,102,0,0,167,167,167,0,0,0,0,0,0,0,0,0,0,0,0,0,0,0,0,0,0,0,0,0,0,0,0,0,0,85,110,150,22,47,47,47,47,47,53,54,55,56,47,47,47,47,24,27,28,29,22,47,53,54,55,56,47,47,47,53,54,55,56,47,47,47,47,24,43,44,44,44,44,44,44,44,44,44,44,44,44,44,44,44,44,44,44,44,44,44,
92,0,0,0,0,102,102,102,0,0,167,167,167,0,0,92,0,0,0,0,0,0,0,0,0,0,0,0,0,0,0,0,0,0,0,0,0,0,0,85,110,150,22,47,47,47,47,47,74,75,76,77,47,47,47,47,24,27,28,29,22,47,74,75,76,77,47,47,47,74,75,76,77,47,47,47,47,24,1,2,2,2,2,2,2,2,2,2,2,2,2,2,2,2,2,2,2,2,2,2,
92,0,0,0,0,0,0,0,0,0,0,167,167,0,0,0,0,0,0,0,0,0,0,0,0,0,0,0,0,0,0,0,0,0,0,0,0,0,0,85,110,150,22,47,47,47,47,47,95,96,97,98,47,47,47,47,24,27,28,29,22,47,95,96,97,98,47,47,47,95,96,97,98,47,47,47,47,24,22,0,0,0,0,0,0,0,0,0,0,0,0,0,0,0,0,0,0,0,0,0,
92,0,0,0,0,167,167,167,0,167,167,167,167,167,0,0,0,0,0,0,0,0,0,0,0,0,0,0,0,0,0,0,0,0,0,0,0,0,0,85,110,150,22,47,47,47,47,47,116,117,118,119,47,47,47,47,24,27,28,29,22,47,116,117,118,119,47,47,47,116,117,118,119,47,47,47,47,24,22,0,0,0,0,0,0,0,0,0,0,0,0,0,0,0,0,0,0,0,0,0,
92,0,0,167,167,167,167,167,167,167,167,167,167,0,0,0,0,0,0,0,0,0,0,0,0,0,0,0,0,0,0,0,0,0,0,0,0,0,0,85,110,150,22,47,47,47,47,47,137,138,139,140,47,47,47,47,24,27,28,29,22,47,137,138,139,140,47,47,47,137,138,139,140,47,47,47,47,24,22,0,0,0,0,0,0,0,0,0,0,0,0,0,0,0,0,0,0,0,0,0,
92,0,0,167,167,167,167,167,0,167,167,167,167,167,134,135,135,135,135,135,135,136,0,0,0,0,0,4,5,0,0,0,0,0,0,0,0,0,0,85,110,150,22,47,47,47,47,47,158,159,160,161,47,47,47,47,24,27,28,29,22,47,158,159,160,161,47,47,47,158,159,160,161,47,47,47,47,24,22,0,0,0,0,0,0,0,0,0,0,0,0,0,0,0,0,0,0,0,0,0,
92,0,0,0,0,0,0,0,167,167,167,167,167,0,133,153,153,153,153,153,153,157,0,0,0,0,0,25,26,0,0,0,0,0,0,0,0,0,0,85,110,150,22,47,47,47,47,47,179,180,181,182,47,47,47,47,24,27,28,29,22,47,179,180,181,182,47,47,47,179,180,181,182,47,47,47,47,24,22,0,0,0,0,0,0,0,0,0,0,0,0,0,0,0,0,0,0,0,0,0,
92,92,92,0,0,0,0,0,167,167,92,0,0,155,153,153,153,153,153,153,153,157,0,0,0,0,0,0,0,0,0,0,0,0,0,0,0,0,0,85,110,150,22,47,47,47,47,47,47,47,47,47,47,47,47,47,24,27,28,29,22,47,47,47,47,47,47,47,47,47,47,47,47,47,47,47,47,24,22,0,0,0,0,0,0,0,0,0,0,0,0,0,0,0,0,0,0,0,0,0,
0,0,0,0,0,0,0,0,0,0,0,0,0,155,153,153,153,153,153,153,153,157,0,0,0,0,0,0,0,0,0,0,0,0,0,0,0,0,0,85,110,150,22,47,47,47,47,47,47,47,47,47,47,47,47,47,24,27,28,29,22,47,47,47,47,47,47,47,47,47,47,47,47,47,47,47,47,24,22,0,0,0,0,0,0,0,0,0,0,0,0,0,0,0,0,0,0,0,0,0,
0,0,0,0,0,0,0,0,0,0,0,0,0,155,153,153,153,153,153,153,153,157,0,0,0,0,0,0,0,0,0,0,0,0,0,0,0,0,0,85,110,150,22,47,47,47,47,47,47,47,47,47,47,47,47,47,24,27,28,29,22,47,47,47,47,47,47,47,47,47,47,47,47,47,47,47,47,24,22,0,0,0,0,0,0,93,0,94,0,0,0,0,0,0,0,0,0,0,0,0,
0,0,0,0,0,0,0,0,0,0,0,0,0,155,153,153,153,153,153,153,153,157,0,0,0,0,0,0,0,0,0,0,0,0,0,0,0,0,0,85,110,150,22,47,47,47,47,47,47,47,47,47,47,47,47,47,24,27,28,29,22,47,47,47,47,47,47,47,47,47,47,47,47,47,47,47,47,24,22,0,0,0,0,0,0,0,0,0,0,0,0,0,0,0,0,0,0,0,0,0,
0,0,0,0,0,0,0,0,0,0,0,0,0,155,153,153,153,153,153,153,153,157,0,0,0,0,0,0,0,0,0,0,0,64,65,65,65,65,65,89,110,150,43,44,44,44,44,44,44,44,44,44,44,44,44,44,45,48,49,50,43,44,44,44,44,44,44,44,44,44,44,44,44,44,44,44,44,45,22,0,0,0,0,0,0,102,102,102,0,0,0,0,0,0,0,0,0,0,0,0,
0,0,0,0,0,0,0,0,0,0,0,0,0,155,153,153,153,153,153,153,153,157,0,0,0,0,0,0,0,0,0,0,0,85,86,110,110,110,110,110,110,151,128,128,128,128,128,128,128,128,128,128,128,128,128,128,128,128,128,128,128,128,128,128,128,128,128,128,128,128,128,128,128,128,128,128,128,128,26,0,0,0,0,0,0,102,18,102,0,0,0,0,0,0,0,0,0,0,0,0,
0,0,0,0,0,0,0,0,0,0,0,0,0,176,177,177,177,177,177,177,177,178,0,0,0,0,0,0,0,0,0,0,0,85,109,110,110,110,110,110,110,110,110,110,110,110,110,110,110,110,110,110,110,110,110,110,110,110,110,110,110,110,110,110,110,110,110,110,110,110,110,110,110,110,110,110,86,86,87,0,0,0,0,0,0,102,102,102,0,0,0,0,0,0,0,0,0,0,0,0,
0,0,92,0,0,0,0,0,0,0,0,0,0,0,0,0,0,0,0,0,0,0,0,0,0,0,0,0,0,0,0,0,0,85,109,110,67,107,107,107,107,107,107,107,107,107,107,107,107,107,107,107,107,107,107,107,107,107,107,107,107,107,107,107,107,107,107,107,107,107,107,107,107,107,107,107,107,107,108,0,0,0,0,0,0,0,0,0,0,0,0,0,0,0,0,0,0,0,0,0,
0,0,0,0,0,0,4,5,0,0,0,0,0,0,0,0,0,0,0,0,0,0,0,0,0,0,0,0,0,0,0,0,0,85,109,110,87,0,0,0,0,0,0,0,0,0,0,0,0,0,0,0,0,0,0,0,0,0,0,0,0,0,0,0,0,92,0,0,0,0,0,0,0,0,53,54,55,56,0,0,0,0,0,0,0,0,0,0,0,0,0,0,0,0,0,0,0,0,0,0,
0,0,0,0,0,0,25,26,0,0,0,0,0,0,0,0,0,0,0,0,0,0,0,0,0,0,0,0,0,0,0,0,0,85,109,110,87,0,0,0,0,0,0,0,0,0,0,0,0,0,0,0,0,0,0,0,0,0,0,0,0,0,0,0,0,0,0,0,0,0,0,0,0,0,74,75,76,77,0,0,0,0,0,0,0,0,0,0,0,0,0,0,0,0,0,0,0,0,0,0,
0,0,0,0,0,0,0,0,0,0,0,0,0,0,0,0,0,0,0,0,0,0,0,0,0,0,0,0,0,0,0,0,0,85,109,110,87,0,0,0,0,0,0,0,0,0,0,0,0,0,0,0,0,0,0,0,0,0,0,0,0,0,0,0,0,0,0,0,0,0,0,0,0,0,95,96,97,98,0,0,0,0,0,0,0,0,0,0,0,0,0,0,0,0,0,0,0,0,0,0,
0,0,0,0,0,0,0,0,0,0,0,0,0,0,0,0,0,0,0,0,0,0,0,0,0,0,0,0,0,0,0,0,0,85,109,110,87,0,0,0,0,0,0,0,0,0,0,0,0,0,0,0,0,0,0,0,0,0,0,0,0,0,0,0,0,0,0,0,0,0,0,0,0,0,116,117,118,119,0,0,0,0,0,0,0,0,0,0,0,0,0,0,0,0,0,0,0,0,0,0,
0,0,92,0,0,0,0,0,0,0,0,0,0,0,0,0,0,0,0,0,0,0,0,0,0,0,0,0,0,0,0,0,0,85,109,110,87,0,0,0,0,0,0,0,0,0,0,0,0,0,0,0,0,0,0,0,0,0,0,0,0,0,0,0,0,0,0,0,0,0,0,0,0,0,137,138,139,140,0,0,0,0,0,0,0,0,0,0,0,0,0,0,0,0,0,0,0,0,0,0,
0,0,0,0,0,0,0,0,0,0,0,0,0,0,0,0,0,0,0,0,0,0,0,0,0,0,0,0,0,0,0,0,0,85,109,110,87,0,0,0,0,0,0,0,0,0,0,0,0,0,0,0,0,0,0,0,0,0,0,0,0,0,0,0,0,0,0,0,0,0,0,0,0,0,158,159,160,161,0,0,0,0,0,0,0,0,0,0,0,0,0,0,0,0,0,1,2,3,0,0,
0,0,0,0,0,0,0,0,0,0,0,0,0,0,0,0,0,0,0,0,0,0,0,0,0,0,0,0,0,0,0,0,0,85,109,110,87,0,0,0,0,0,0,0,0,0,0,0,0,0,0,0,0,0,0,0,0,0,0,0,0,0,0,0,0,0,0,0,0,0,0,0,0,0,137,138,139,140,0,0,0,0,0,0,0,0,0,0,0,0,0,0,0,0,0,22,23,24,0,0,
0,0,0,0,0,0,0,0,0,0,0,0,0,0,0,0,0,0,0,0,0,0,0,0,0,0,0,0,0,0,0,0,0,85,109,110,87,0,0,0,0,0,0,0,0,0,0,0,0,0,0,0,0,0,0,0,0,0,0,0,0,0,0,0,0,0,0,0,0,0,0,0,0,0,158,159,160,161,0,0,0,0,0,0,0,0,92,0,0,0,0,0,0,0,0,43,44,45,0,0,
44,44,44,44,44,44,44,44,44,44,44,44,44,44,44,44,44,44,5,64,65,65,65,65,65,65,65,65,65,65,65,65,65,89,109,110,87,0,0,0,0,0,0,0,0,0,0,0,0,0,0,0,0,0,0,0,0,0,0,0,0,0,0,0,0,0,0,0,0,0,0,0,0,0,179,180,181,182,0,0,0,0,0,0,0,0,0,0,0,0,0,0,0,0,0,0,0,0,0,0,
71,173,173,71,71,71,71,173,173,71,173,71,71,71,71,173,71,71,22,85,109,109,109,109,109,109,109,109,109,109,109,109,109,109,109,110,87,0,0,0,0,0,0,0,0,0,0,0,0,0,0,0,0,0,0,0,0,0,0,0,0,0,0,0,92,0,0,0,0,0,0,0,0,0,0,0,0,0,0,0,0,0,0,0,0,0,0,0,0,0,0,0,0,0,0,0,0,0,0,0,
71,71,71,173,173,71,71,71,71,71,71,71,71,173,71,71,71,71,22,85,109,109,109,109,109,109,109,109,110,110,109,109,109,109,110,110,87,0,0,0,0,0,0,0,0,0,0,0,0,0,0,0,0,0,0,0,0,0,0,0,0,0,0,0,0,0,0,0,0,0,0,0,0,4,44,44,44,44,5,0,0,0,0,0,0,0,0,0,0,0,0,0,0,0,0,0,0,0,0,0,
2,2,3,3,1,2,2,2,2,2,2,2,2,2,2,2,2,2,26,106,107,107,107,107,107,107,107,107,107,107,107,107,107,107,107,107,108,0,0,0,0,0,0,0,0,0,0,0,0,0,0,0,0,0,0,0,0,0,0,0,0,0,0,0,0,0,0,0,0,0,0,0,0,24,71,71,71,71,22,0,0,0,0,0,0,0,0,0,0,0,0,0,0,92,0,0,0,0,0,0,
0,0,24,24,22,0,0,0,0,0,0,0,0,0,0,0,0,0,0,0,0,0,0,0,0,0,0,0,0,0,0,0,0,0,0,0,0,0,0,0,0,0,0,0,0,0,0,0,0,0,0,0,0,0,0,0,0,0,0,0,0,0,0,0,0,0,0,0,0,0,0,0,0,24,172,71,172,71,22,0,0,0,0,0,0,0,0,0,0,0,0,0,0,0,0,0,0,0,0,0,
0,0,24,24,22,0,0,0,0,0,0,0,0,0,0,0,0,0,0,0,0,0,0,0,0,0,0,0,0,0,0,0,0,0,0,0,0,0,0,0,0,0,0,0,0,0,0,0,0,0,113,0,0,0,0,0,0,0,0,0,0,0,0,0,0,0,0,0,0,0,0,0,0,24,172,71,71,71,22,0,0,0,0,0,0,0,0,0,0,0,0,0,0,0,0,92,0,0,0,0,
0,0,24,24,22,0,0,0,0,0,0,0,0,0,0,0,0,0,0,0,0,0,0,0,0,0,0,0,0,0,0,0,0,0,0,0,0,0,0,0,0,0,0,0,0,0,0,0,0,0,0,0,0,0,0,0,0,0,0,0,0,0,0,0,0,0,0,0,0,0,0,0,0,24,71,71,172,71,22,0,0,0,0,0,0,0,0,0,0,0,92,0,0,0,0,0,0,0,0,0,
0,0,24,24,22,0,0,0,0,0,0,0,0,0,0,0,0,0,0,0,0,0,0,0,0,0,0,0,0,0,0,0,0,0,0,0,113,0,0,0,113,0,0,0,0,0,0,0,0,0,0,0,0,0,0,0,0,0,0,0,0,0,0,0,0,0,0,0,0,0,0,0,0,25,2,2,2,2,26,0,0,0,0,0,0,0,0,0,0,0,0,0,0,0,92,0,0,0,0,0,
0,0,24,24,22,0,0,0,0,0,0,0,0,0,0,0,0,0,0,0,0,0,0,0,0,0,0,0,0,0,0,0,0,0,0,0,0,0,0,0,0,0,0,0,0,0,0,0,0,0,0,0,0,0,0,0,0,0,0,0,0,0,0,0,0,0,0,0,0,0,0,0,0,0,0,0,0,0,0,0,0,0,0,0,0,0,0,0,0,0,0,0,0,0,0,0,0,0,0,0,
0,0,24,24,22,0,0,0,0,0,0,0,0,0,0,0,0,0,0,0,0,0,0,0,0,0,0,0,0,0,0,0,0,0,0,0,0,0,0,0,0,0,0,0,0,0,0,0,0,0,0,0,0,0,0,0,0,0,0,0,0,0,0,0,0,0,0,0,0,0,0,0,0,0,0,0,0,0,0,0,0,0,0,0,0,0,0,0,0,0,0,0,0,0,0,0,0,0,0,0,
0,0,24,24,22,0,0,0,0,0,0,0,0,0,0,0,0,0,0,0,0,0,0,0,0,0,0,0,0,0,0,0,0,0,0,0,0,0,0,0,0,0,0,0,0,0,0,0,0,0,0,0,0,0,0,0,0,0,0,0,0,0,0,0,0,0,0,0,0,0,0,0,0,0,0,0,0,0,0,0,0,0,0,0,0,0,0,0,0,0,0,0,0,0,0,0,0,0,0,0,
0,0,24,24,22,0,0,0,0,0,0,0,0,0,0,0,0,0,0,0,0,0,0,0,0,0,0,0,0,0,0,0,0,0,0,0,0,0,0,0,0,113,0,0,0,0,0,0,0,0,0,0,0,113,0,0,0,0,0,0,0,0,0,0,0,0,0,0,0,0,0,0,0,0,0,0,0,0,0,0,0,0,0,0,0,0,0,0,0,0,0,0,0,0,0,0,0,0,0,0,
0,0,24,24,22,0,0,0,0,0,0,0,0,0,0,0,0,0,0,0,0,0,0,93,0,94,0,0,0,0,0,0,0,0,0,0,0,0,0,0,0,0,0,0,0,0,0,0,0,0,0,0,0,0,0,0,0,0,0,0,0,0,0,0,0,0,0,0,0,0,0,0,0,0,0,0,0,0,0,0,0,0,0,0,0,0,0,0,0,0,0,0,0,0,0,0,0,0,0,0,
0,0,24,24,22,0,0,0,0,92,0,0,0,0,0,0,0,0,0,0,0,0,0,0,0,0,0,0,0,0,0,0,0,0,0,0,0,0,0,0,0,0,0,0,0,0,0,0,0,0,0,0,0,0,0,0,0,0,0,0,0,0,0,0,0,0,0,0,0,135,135,135,135,135,135,135,135,135,135,135,136,0,0,0,0,0,0,0,0,0,0,0,0,0,0,0,0,0,0,0,
0,0,24,24,22,0,0,0,0,0,0,0,0,0,0,0,0,0,0,0,0,0,0,102,102,102,0,0,0,0,0,0,0,0,0,0,0,0,0,0,0,0,0,0,0,0,0,0,0,0,0,0,0,0,0,0,0,0,0,0,0,0,0,0,0,0,0,0,155,153,153,153,153,153,153,153,153,153,153,175,132,0,0,0,0,0,0,0,0,0,0,0,0,0,0,0,0,0,0,0,
0,0,24,24,22,0,0,0,0,0,0,0,0,0,0,0,0,0,0,0,0,0,0,102,18,102,0,0,0,0,0,0,0,0,0,0,0,0,0,0,0,0,0,0,0,0,0,0,0,0,0,0,0,0,0,0,0,0,0,0,0,0,0,0,0,0,0,0,176,177,177,177,177,177,177,177,177,112,153,153,153,132,0,0,0,0,0,0,0,0,0,0,0,0,0,0,0,0,0,0,
0,0,24,24,22,0,0,0,0,92,0,0,0,0,0,0,0,0,0,0,0,0,0,102,102,102,0,0,0,0,0,0,0,0,0,0,0,0,0,0,0,0,0,0,0,0,113,113,0,0,0,0,0,0,0,0,0,0,0,0,0,0,0,0,0,0,0,0,0,0,0,0,0,0,0,0,47,176,112,153,153,153,132,0,0,0,0,0,0,0,0,0,0,0,0,0,0,0,0,0,
0,0,24,24,22,0,0,0,0,0,0,0,0,0,0,0,0,0,0,0,0,0,0,0,0,0,0,0,0,0,0,0,0,0,0,0,0,0,0,0,0,0,0,0,0,0,113,113,0,0,0,0,0,0,0,0,0,0,0,0,0,0,0,0,0,0,0,0,0,0,0,0,0,0,0,0,0,0,176,177,112,153,153,132,0,0,0,0,0,0,0,0,0,0,0,0,0,0,0,0,
0,0,24,24,22,0,0,0,0,0,0,0,0,0,0,0,0,0,0,0,0,0,0,0,0,0,0,0,0,0,0,0,0,0,0,0,0,0,0,0,0,0,0,0,0,0,0,0,0,0,0,0,0,0,0,0,0,0,0,0,0,0,0,0,0,0,0,0,0,0,93,0,94,0,0,0,0,0,0,0,176,112,153,153,132,0,0,0,0,0,0,0,0,0,0,0,0,0,0,0,
0,0,24,24,22,0,0,0,0,0,0,0,0,0,0,113,0,0,0,0,0,0,0,0,0,0,0,0,0,0,0,0,0,4,5,0,0,4,5,0,0,0,0,0,0,0,0,0,0,0,0,0,0,0,0,0,0,0,0,0,0,0,0,0,0,0,0,0,0,0,0,0,0,0,0,0,0,0,0,0,47,176,112,153,153,132,0,0,0,0,0,0,0,0,0,0,0,0,0,0,
0,0,24,24,22,0,0,0,0,0,0,0,0,0,0,0,0,0,0,0,0,0,0,0,0,0,0,0,0,0,0,0,0,25,26,0,0,25,26,0,0,0,0,0,0,0,0,0,0,0,0,0,0,0,0,0,0,0,0,0,0,0,0,0,0,0,0,0,0,0,102,102,102,0,0,0,0,0,0,0,47,47,176,112,153,153,132,136,0,0,0,0,0,0,0,0,0,0,0,0,
0,0,24,24,22,0,0,0,92,0,0,0,0,0,0,0,0,0,0,0,0,0,0,0,0,0,0,0,0,0,0,0,0,0,0,0,0,0,0,0,0,0,0,0,0,0,0,0,0,0,0,0,0,0,0,0,0,0,0,0,0,0,0,0,0,0,0,0,0,0,102,18,102,0,0,0,0,0,0,0,0,0,47,176,112,153,153,157,0,0,0,0,0,0,0,0,0,0,0,0,
0,0,24,24,22,0,0,0,0,0,0,0,0,0,0,0,0,0,0,0,0,0,0,0,0,0,0,0,0,0,0,0,0,0,0,0,0,0,0,0,0,0,0,0,0,0,0,0,0,0,0,0,0,0,0,0,0,0,0,0,0,0,0,0,0,0,0,0,0,0,102,102,102,0,0,0,0,0,0,0,0,0,47,47,155,153,153,157,0,0,0,0,0,0,0,0,0,0,0,0,
0,0,24,24,22,0,0,0,0,0,0,0,0,0,0,0,0,0,113,0,0,0,0,0,0,0,0,0,0,0,0,0,0,0,0,0,0,0,0,0,0,0,0,0,0,0,0,0,0,0,0,0,0,0,0,0,0,0,0,0,0,0,0,0,0,0,0,0,0,0,0,0,0,0,0,0,0,0,0,0,0,0,0,0,155,153,153,157,0,0,0,0,0,0,0,0,0,0,0,0,
0,0,24,24,22,0,0,0,0,0,0,0,0,0,0,0,0,0,0,0,0,0,0,0,0,0,0,0,0,0,0,0,0,0,0,0,0,0,0,0,0,0,0,0,0,0,0,0,0,0,0,0,0,0,0,0,0,0,0,0,0,0,0,0,0,0,0,0,0,0,0,0,0,0,0,0,0,0,0,0,0,0,0,0,155,153,153,157,0,0,0,0,0,0,0,0,0,0,0,0,
0,0,24,24,22,0,0,0,0,0,0,0,0,0,0,0,0,0,0,0,0,0,0,0,0,0,0,0,0,0,0,0,0,0,0,0,4,44,44,44,44,5,0,0,0,0,0,0,0,0,0,0,0,0,0,0,0,0,0,0,0,0,0,0,0,0,0,0,0,0,0,0,0,0,0,0,0,0,0,0,0,0,0,0,155,153,153,157,0,0,0,0,0,0,0,0,0,0,0,0,
0,0,24,24,22,0,0,0,0,0,0,0,0,0,0,0,0,0,0,0,0,0,0,0,0,0,0,0,0,0,0,0,0,0,0,0,24,71,173,71,71,43,44,44,44,44,44,44,44,44,44,5,0,0,0,0,0,0,0,0,0,0,0,0,0,0,0,0,0,0,0,0,0,0,0,0,0,0,0,0,0,0,0,0,155,153,153,157,0,0,0,0,0,0,0,0,0,0,0,0,
0,0,24,24,22,0,0,0,0,0,0,0,0,0,0,0,0,0,0,0,0,0,0,0,0,0,0,0,0,0,0,0,0,0,0,0,24,71,71,71,1,2,2,2,2,2,2,2,2,2,3,22,0,0,0,0,0,0,0,0,0,0,0,0,0,0,0,0,0,0,0,0,0,0,0,0,0,0,0,0,0,0,0,0,155,153,153,157,0,0,0,0,0,0,0,0,0,0,0,0,
0,0,24,24,22,0,0,0,0,0,0,0,0,0,0,0,0,0,0,0,0,0,0,0,0,0,0,0,0,0,0,0,0,0,0,0,25,2,2,2,26,0,0,0,0,0,0,0,0,0,24,22,0,0,0,0,0,0,0,0,0,0,0,0,0,0,0,113,0,0,0,0,0,0,0,0,0,0,0,0,0,0,0,0,176,177,177,178,0,0,0,0,0,0,0,0,0,0,0,0,
0,0,24,24,22,0,0,0,0,0,0,0,0,0,0,0,0,0,0,0,0,0,0,0,0,0,0,0,0,0,0,0,0,0,0,0,0,0,0,0,0,0,0,0,0,0,0,0,0,0,24,22,47,47,47,47,47,47,47,0,0,0,0,0,0,0,0,113,0,0,0,0,0,0,0,0,0,0,0,0,0,0,0,0,0,0,0,0,0,0,0,0,0,0,0,0,0,0,0,0,
0,0,24,24,22,0,0,0,0,0,0,0,0,0,0,0,0,0,0,0,0,0,0,0,0,0,0,0,0,0,0,0,0,0,0,0,0,0,0,0,0,0,0,0,0,0,0,0,0,0,24,22,47,47,47,47,47,47,0,0,0,0,0,0,0,0,0,113,113,113,113,0,0,0,0,0,0,0,0,0,0,0,0,0,0,0,0,0,0,0,0,0,0,0,0,0,0,0,0,0,
0,0,24,24,22,0,0,0,0,0,0,0,0,0,0,0,0,0,0,0,0,0,0,0,0,0,134,135,136,0,0,0,0,0,0,0,0,0,0,0,0,0,0,0,0,4,44,44,44,44,45,43,44,44,44,44,44,44,44,44,44,44,44,5,47,0,0,0,0,0,92,0,0,0,0,0,0,0,0,0,0,0,0,0,0,0,0,0,0,0,0,0,0,0,0,0,0,0,0,0,
0,0,24,24,22,0,0,0,0,0,0,0,0,0,0,0,0,0,0,0,0,0,0,0,0,0,155,156,157,0,0,0,0,0,0,0,0,0,0,0,0,0,0,0,0,24,71,71,71,71,71,71,71,71,71,71,71,172,172,172,71,71,71,22,47,47,47,0,0,0,92,0,0,0,0,0,0,0,0,0,0,0,0,0,0,0,0,0,0,0,0,0,0,0,0,0,0,0,0,0,
0,0,24,24,22,0,0,0,0,0,0,0,0,0,0,0,0,47,0,0,0,0,0,0,0,0,176,177,178,0,0,0,0,0,0,0,0,0,0,0,0,0,0,0,0,24,71,172,71,71,71,71,71,71,71,71,71,71,71,172,172,172,172,43,44,5,47,0,0,0,0,113,0,47,92,0,0,0,0,0,0,0,0,0,0,0,0,0,0,0,0,0,0,0,0,0,0,0,0,0,
0,0,24,24,43,44,44,44,44,44,44,44,44,44,44,5,47,47,4,44,44,44,44,44,44,44,44,44,44,5,0,0,0,0,0,0,0,0,0,0,0,0,0,0,46,24,71,173,173,71,71,71,172,172,71,71,71,71,71,71,71,71,172,172,172,43,44,5,0,0,0,0,113,47,92,0,0,0,0,0,0,0,0,0,0,0,0,0,0,0,0,0,0,0,0,0,0,0,0,0,
0,0,24,25,2,2,2,2,2,2,2,2,2,2,2,22,47,47,24,2,2,2,2,2,2,2,2,2,3,22,0,0,0,0,0,0,0,0,0,0,0,0,0,4,44,45,173,173,71,71,71,172,172,71,71,71,71,173,71,71,71,71,71,172,172,71,71,22,0,0,0,47,0,92,92,0,0,0,0,0,0,0,0,0,0,0,0,0,0,0,0,0,0,0,0,0,0,0,0,0,
0,0,25,2,2,2,2,2,2,2,2,2,2,2,2,26,47,47,25,2,2,2,2,2,2,2,2,3,24,22,0,0,0,0,0,0,134,135,136,0,0,0,23,24,71,71,71,71,71,71,172,172,71,71,71,71,71,71,71,71,71,71,71,71,172,71,71,22,0,0,0,92,92,92,113,0,0,0,0,0,0,0,0,0,0,0,0,0,0,0,0,0,0,0,0,0,0,0,0,0,
0,0,0,0,0,0,0,0,0,0,0,0,0,0,0,0,0,0,0,0,0,0,0,0,0,0,0,24,24,22,0,0,0,0,0,0,155,156,157,0,0,4,44,173,71,71,71,71,71,71,71,71,71,71,71,71,71,71,71,71,71,71,71,71,172,172,172,43,5,0,0,0,0,0,0,0,0,0,0,0,0,0,0,0,0,0,0,0,0,0,4,44,44,44,5,0,0,0,0,0,
0,0,0,0,0,0,0,0,0,0,0,0,0,0,0,0,0,0,0,0,0,0,0,0,0,0,0,24,24,22,0,0,0,0,0,0,176,177,178,0,0,24,71,71,71,71,71,71,71,71,1,2,3,71,71,71,71,71,71,71,71,71,71,71,71,172,172,172,22,0,0,0,0,0,0,0,0,0,0,0,0,0,0,0,0,0,0,0,0,0,24,127,128,129,22,0,0,0,0,0,
0,0,0,0,0,0,0,0,0,0,0,0,0,0,0,0,0,0,0,0,0,0,0,0,0,0,0,24,24,22,0,0,0,0,0,0,0,0,0,0,0,24,71,71,71,71,71,71,71,71,22,23,24,71,71,71,71,71,71,71,71,71,71,71,71,172,71,172,22,0,0,0,0,0,0,0,0,0,0,0,0,0,0,0,0,0,0,0,0,0,24,148,86,150,22,0,0,0,0,0,
0,0,0,0,0,0,0,0,0,0,0,0,0,0,0,0,0,0,0,0,0,0,0,0,0,0,0,24,24,22,0,0,0,0,0,0,0,0,0,0,0,24,71,172,172,71,71,71,71,71,43,44,45,71,71,71,71,71,71,71,71,71,71,71,71,172,172,71,22,0,0,0,0,0,0,0,0,0,0,0,0,0,0,0,0,0,0,0,0,0,24,148,86,150,22,0,0,0,0,0,
0,0,0,0,0,134,135,136,0,0,0,0,0,0,0,0,0,0,0,0,0,0,0,0,0,0,0,24,24,43,44,44,44,44,44,44,44,44,44,44,44,45,71,172,71,71,71,71,173,71,71,71,71,71,173,71,71,173,173,173,173,173,71,71,71,71,172,172,22,0,0,0,0,0,0,0,0,0,0,0,0,0,0,0,0,0,0,0,0,0,24,148,86,150,22,0,0,0,0,0,
0,0,0,0,0,155,156,157,0,0,0,0,0,0,0,0,0,0,0,0,0,0,0,0,0,0,0,24,25,2,2,2,2,2,2,2,2,2,2,2,2,3,71,71,71,71,71,71,173,173,71,71,71,173,173,71,71,71,71,173,71,71,71,71,71,71,172,172,22,0,0,0,0,0,0,0,0,0,0,0,0,0,0,0,0,0,0,0,0,0,24,148,86,150,22,0,0,0,0,0,
0,0,0,0,0,176,177,178,0,0,0,0,0,0,0,0,0,0,0,0,0,0,0,0,0,0,0,25,2,2,2,2,2,2,2,2,2,2,2,2,2,3,71,71,71,71,71,71,173,71,173,71,173,71,173,71,71,71,71,173,71,71,71,71,71,172,172,172,22,0,0,0,0,0,0,0,0,0,0,0,0,0,0,0,0,0,0,0,0,0,24,148,86,150,22,53,54,55,56,0,
0,0,0,0,0,0,0,0,0,0,0,0,0,0,0,0,0,0,0,0,0,0,0,0,0,0,0,0,0,0,0,0,0,0,0,0,0,0,0,0,0,24,71,71,71,71,71,71,173,71,71,172,71,71,173,71,71,71,71,173,71,71,71,71,71,172,71,71,43,44,44,44,5,0,0,0,0,0,0,0,0,0,0,0,0,0,0,0,0,0,24,148,86,150,22,74,75,76,77,0,
0,0,0,0,0,0,0,0,0,0,0,0,0,0,0,0,0,93,0,94,0,0,0,0,0,0,0,0,0,0,0,0,0,0,0,0,0,0,0,0,0,24,173,71,71,71,71,71,173,71,71,71,71,71,173,71,71,71,71,173,71,71,71,71,172,172,172,71,1,2,2,3,22,0,0,0,0,0,0,0,0,0,0,0,0,0,0,0,0,0,24,148,86,150,22,95,96,97,98,0,
0,0,0,0,0,0,113,0,0,0,0,0,0,0,0,0,0,0,0,0,0,0,0,0,0,0,0,0,0,0,0,0,0,0,0,0,0,0,0,0,0,25,3,71,71,71,71,71,173,71,71,71,71,71,173,71,71,71,71,173,71,71,71,71,172,172,71,172,22,0,47,24,22,0,0,0,0,0,0,0,0,0,0,0,0,0,0,0,0,0,24,148,86,150,22,116,117,118,119,0,
0,0,0,0,0,0,0,0,0,0,0,0,0,0,0,0,0,102,102,102,0,0,0,0,0,0,0,0,0,0,0,0,0,0,0,0,0,0,0,0,0,0,24,71,71,71,71,71,173,71,71,71,71,71,173,71,71,71,71,173,71,71,71,71,172,71,172,172,22,0,47,24,22,0,0,0,0,0,0,0,0,0,0,0,0,0,0,0,0,0,24,148,86,150,22,137,138,139,140,0,
0,0,0,0,0,0,113,0,0,0,0,0,0,0,0,0,0,102,18,102,0,0,0,0,0,0,0,0,0,0,0,0,0,0,0,0,0,0,0,0,0,0,24,173,71,71,71,71,173,71,71,71,71,71,173,71,71,173,173,173,173,173,71,71,172,172,172,71,22,0,47,24,22,0,0,0,0,0,0,0,0,0,0,0,0,0,0,0,0,0,24,148,86,150,22,158,159,160,161,0,
0,0,0,0,0,0,0,0,0,0,0,0,0,0,0,0,0,102,102,102,0,0,0,0,0,0,0,0,0,0,0,0,0,0,0,4,44,44,44,5,0,0,25,3,71,71,71,71,71,71,71,71,71,71,71,71,71,71,71,71,71,71,71,71,172,172,71,1,26,0,47,24,22,0,0,0,0,0,0,0,0,0,0,0,0,0,0,0,0,0,24,148,86,150,22,95,96,97,98,0,
0,0,0,53,54,55,56,0,113,0,0,0,0,0,0,0,0,0,0,0,0,0,0,0,0,0,0,0,0,0,0,0,134,135,136,24,1,2,3,22,0,0,0,25,3,71,71,71,173,71,71,71,71,71,71,71,71,71,71,71,71,71,71,71,172,172,71,22,0,0,47,24,22,0,0,0,0,0,0,0,0,0,0,0,0,0,0,0,0,0,24,148,86,150,22,95,96,97,98,0,
0,0,0,74,75,76,77,0,0,0,0,0,0,0,0,0,0,0,0,0,0,0,0,0,0,0,0,0,0,0,0,0,155,156,157,24,22,23,24,22,0,0,0,0,0,3,71,71,71,173,173,173,71,71,71,71,71,71,1,2,3,71,71,172,172,172,1,26,134,135,136,24,22,0,0,0,0,0,0,0,0,0,0,0,0,0,0,0,0,0,24,148,86,150,22,95,96,97,98,0,
0,0,0,95,96,97,98,0,0,0,0,0,0,0,0,0,0,0,0,0,0,0,0,0,0,0,0,0,0,0,0,0,176,177,178,24,43,44,45,22,0,0,0,0,0,0,3,71,71,71,71,173,173,173,71,71,71,71,22,23,24,71,71,172,1,2,26,0,155,156,157,24,22,0,0,0,0,0,0,0,0,0,0,0,0,0,0,0,0,0,24,148,86,150,22,95,96,97,98,0,
0,0,0,116,117,118,119,0,0,0,0,0,0,0,0,0,0,0,0,0,0,0,0,0,0,0,0,0,0,0,0,0,0,0,0,25,2,2,2,26,0,0,0,0,0,0,25,2,2,3,71,71,71,173,71,71,71,71,43,44,45,71,1,2,26,0,0,0,176,177,178,24,22,0,0,0,0,0,0,0,0,0,0,0,0,0,0,0,0,0,24,148,86,150,22,95,96,97,98,0,
0,113,0,137,138,139,140,0,0,0,0,0,0,0,0,0,0,0,0,0,0,0,0,0,0,0,0,0,0,0,0,0,0,0,0,0,0,0,0,0,0,0,0,0,0,0,0,0,0,25,2,2,2,2,2,2,2,2,2,2,2,2,26,0,0,0,0,0,0,0,47,24,22,0,0,0,0,0,0,0,0,0,0,0,0,0,0,0,0,0,24,148,86,150,22,95,96,97,98,0,
0,0,0,158,159,160,161,0,0,0,0,0,0,0,0,0,0,0,0,0,0,0,0,0,0,0,0,0,0,0,0,0,0,0,0,0,0,0,0,0,0,0,0,0,0,0,0,0,0,0,0,0,0,0,0,0,0,0,0,0,0,0,0,0,0,0,0,0,0,47,47,24,22,0,0,0,0,0,0,0,0,0,0,0,0,0,0,0,0,0,24,148,86,150,22,95,96,97,98,0,
0,0,0,179,180,181,182,0,0,0,0,0,0,0,0,0,0,0,0,0,0,0,0,0,0,0,0,0,0,0,0,0,0,0,0,0,0,0,0,0,0,0,0,0,0,0,0,0,0,0,0,0,0,0,0,0,0,0,0,0,0,0,0,0,0,0,0,0,0,47,47,24,22,0,0,0,0,0,0,0,0,0,0,0,0,0,0,0,0,0,24,148,86,150,22,95,96,97,98,0,
0,0,0,0,0,0,0,0,0,0,0,0,0,0,0,0,0,0,0,0,0,0,0,0,0,0,0,0,0,0,0,0,0,0,0,0,0,0,0,0,0,0,0,0,0,0,0,0,0,0,0,0,0,0,0,0,0,0,0,0,0,0,0,0,0,0,0,0,0,47,47,25,26,0,0,0,0,0,0,0,0,0,0,0,0,0,0,0,0,0,24,148,86,150,22,95,96,97,98,0,
0,0,0,4,44,44,44,44,44,44,5,0,0,0,0,0,0,0,0,0,0,0,0,0,0,0,0,0,0,0,0,0,0,0,0,0,0,0,0,0,0,0,0,0,0,0,0,0,0,0,0,0,0,0,0,0,0,0,0,0,0,0,0,0,0,0,0,0,0,47,47,47,47,47,0,0,0,0,0,0,0,0,0,0,0,0,0,0,0,0,24,148,110,150,22,95,96,97,98,0,
0,0,0,24,1,2,2,2,2,3,22,0,0,0,0,0,0,0,0,0,0,0,0,0,0,0,0,0,0,0,0,0,0,0,0,0,0,0,0,0,0,0,0,0,0,0,0,0,0,0,0,0,0,0,0,0,0,0,0,0,0,0,0,0,0,0,0,0,0,47,47,47,0,0,0,0,0,0,0,0,0,0,0,0,0,0,0,0,0,0,24,148,110,150,22,95,96,97,98,0,
0,0,0,24,22,23,23,23,0,24,22,0,0,113,0,0,0,0,0,0,0,0,0,0,0,0,0,0,0,0,0,0,0,0,0,0,0,0,0,0,0,0,0,0,0,0,0,0,0,0,0,0,0,0,0,0,0,0,0,0,0,0,0,0,0,0,0,0,0,0,47,47,47,47,47,47,47,0,0,0,0,0,0,93,0,94,0,0,0,0,24,148,110,150,22,95,96,97,98,0,
0,0,0,24,43,44,44,44,5,24,22,0,0,0,0,0,0,0,0,113,0,0,0,0,0,0,0,0,0,0,0,0,0,0,0,0,0,0,0,0,0,0,0,0,0,0,0,0,0,0,0,0,0,0,0,0,0,0,0,0,0,0,0,0,0,0,0,0,0,0,4,44,44,44,5,0,0,0,0,0,0,0,0,0,0,0,0,0,0,0,24,148,110,150,22,95,96,97,98,0,
0,0,0,25,2,2,2,3,22,24,22,0,0,0,0,0,0,0,0,0,0,0,0,0,0,0,0,0,0,0,0,0,0,0,0,0,0,0,0,0,0,0,0,0,0,0,0,0,0,0,0,0,0,0,0,0,0,0,0,0,0,0,0,0,0,0,0,0,0,0,24,127,128,129,22,0,0,0,0,0,0,0,0,102,102,102,0,0,0,0,24,148,110,150,22,95,96,97,98,0,
0,0,0,0,0,0,0,24,22,24,43,44,44,44,44,44,44,44,44,44,44,44,44,5,0,0,0,0,0,0,0,0,0,0,0,0,0,0,0,0,0,0,0,0,0,0,0,0,0,0,0,0,0,0,0,0,0,0,0,0,0,0,0,0,0,0,0,0,0,0,24,148,28,150,22,0,0,0,0,0,0,0,0,102,18,102,0,0,0,0,24,148,110,150,22,95,96,97,98,0,
0,0,0,0,0,0,0,24,22,25,2,2,2,2,2,2,2,2,2,2,2,2,3,22,0,0,0,0,0,0,0,0,0,134,135,136,0,0,0,0,0,134,135,136,0,0,0,0,134,135,136,0,0,0,0,0,134,135,136,0,0,0,0,0,0,0,0,0,0,0,24,148,149,150,22,0,0,0,0,0,0,0,0,102,102,102,0,0,0,0,24,148,110,150,22,95,96,97,98,0,
0,0,0,0,0,0,0,24,22,0,0,0,0,0,0,0,0,0,0,0,23,23,24,22,0,0,0,0,0,0,0,0,0,155,156,157,0,0,0,0,0,155,156,157,0,0,0,0,155,156,157,0,0,0,0,0,155,156,157,0,0,0,0,0,0,0,0,0,0,0,24,148,149,150,22,0,0,0,0,0,0,0,0,0,0,0,0,0,0,0,24,148,110,150,22,95,96,97,98,0,
0,0,0,0,0,0,0,24,43,44,44,44,44,44,44,44,44,44,44,44,44,44,45,22,0,0,0,0,0,0,0,0,0,176,177,178,0,0,0,0,0,176,177,178,0,0,0,0,176,177,178,0,0,0,0,0,176,177,178,0,0,0,0,0,0,0,0,0,0,0,24,148,149,29,43,44,44,44,44,44,44,44,44,44,44,44,44,44,44,44,45,148,110,150,22,116,117,118,119,0,
0,0,0,0,0,0,0,25,2,2,2,2,2,2,2,2,2,2,2,2,2,2,2,26,0,0,0,0,0,0,0,0,0,0,0,0,0,0,0,0,0,0,0,0,0,0,0,0,0,0,0,0,0,0,0,0,0,0,0,0,0,0,0,0,0,0,0,0,0,0,24,148,149,151,128,128,128,128,128,128,128,128,128,128,128,128,128,128,128,128,128,152,110,150,22,137,138,139,140,0,
0,0,0,0,0,0,0,0,0,0,0,0,0,0,0,0,0,0,0,0,0,0,0,0,0,0,0,0,0,0,0,0,0,0,0,0,0,0,0,0,0,0,0,0,0,0,0,0,0,0,0,0,0,0,0,0,0,0,0,0,0,0,0,0,0,0,0,0,0,0,24,148,86,86,86,86,86,86,86,86,86,110,110,110,110,110,110,110,110,110,110,110,110,150,22,158,159,160,161,0,
0,0,0,0,0,0,0,0,0,0,0,0,0,0,0,0,0,0,0,0,0,0,0,0,0,0,0,0,0,0,0,0,0,0,0,0,0,0,0,0,0,0,0,0,0,0,0,0,0,0,0,0,0,0,0,0,0,0,0,0,0,0,0,0,0,0,0,0,0,0,24,169,170,170,170,170,170,170,170,170,170,170,170,170,170,170,170,170,170,170,170,170,170,45,22,179,180,181,182,0,
0,0,0,0,0,0,0,0,0,0,0,0,0,0,0,0,0,0,0,0,0,0,0,0,0,0,0,0,0,0,0,0,0,0,0,0,0,0,0,0,0,0,0,0,0,0,0,0,0,0,0,0,0,0,0,0,0,0,0,0,0,0,0,0,0,0,0,0,0,0,25,2,2,2,2,2,2,2,2,2,2,2,2,2,2,2,2,2,2,2,2,2,2,2,26,0,0,0,0,0,
0,0,0,0,0,0,0,0,0,0,0,0,0,0,0,0,0,0,0,0,0,0,0,0,0,0,0,0,0,0,0,0,0,0,0,0,0,0,0,0,0,0,0,0,0,0,0,0,0,0,0,0,0,0,0,0,0,0,0,0,0,0,0,0,0,0,0,0,0,0,0,0,0,0,0,0,0,0,0,0,0,0,0,0,0,0,0,0,0,0,0,0,0,0,0,0,0,0,0,0,
0,0,0,0,0,0,0,0,0,0,0,0,0,0,0,0,0,0,0,0,0,0,0,0,0,0,0,0,0,0,0,0,0,0,0,0,0,0,0,0,0,0,0,0,0,0,0,0,0,0,0,0,0,0,0,0,0,0,0,0,0,0,0,0,0,0,0,0,0,0,0,0,0,0,0,0,0,0,0,0,0,0,0,0,0,0,0,0,0,0,0,0,0,0,0,0,0,0,0,0

